1.234567 1.234567 1.234567 1.234567 1.234567 1.234567 1.234567 1.234567 1.234567 1.234567 1.234567 1.234567 1.234567 1.234567 1.234567 1.234567
1.234567 1.234567 1.234567 1.234567 1.234567 1.234567 1.234567 1.234567 1.234567 1.234567 1.234567 1.234567 1.234567 1.234567 1.234567 1.234567
1.234567 1.234567 1.234567 1.234567 1.234567 1.234567 1.234567 1.234567 1.234567 1.234567 1.234567 1.234567 1.234567 1.234567 1.234567 1.234567
1.234567 1.234567 1.234567 1.234567 1.234567 1.234567 1.234567 1.234567 1.234567 1.234567 1.234567 1.234567 1.234567 1.234567 1.234567 1.234567
1.234567 1.234567 1.234567 1.234567 1.234567 1.234567 1.234567 1.234567 1.234567 1.234567 1.234567 1.234567 1.234567 1.234567 1.234567 1.234567
1.234567 1.234567 1.234567 1.234567 1.234567 1.234567 1.234567 1.234567 1.234567 1.234567 1.234567 1.234567 1.234567 1.234567 1.234567 1.234567
1.234567 1.234567 1.234567 1.234567 1.234567 1.234567 1.234567 1.234567 1.234567 1.234567 1.234567 1.234567 1.234567 1.234567 1.234567 1.234567
1.234567 1.234567 1.234567 1.234567 1.234567 1.234567 1.234567 1.234567 1.234567 1.234567 1.234567 1.234567 1.234567 1.234567 1.234567 1.234567
1.234567 1.234567 1.234567 1.234567 1.234567 1.234567 1.234567 1.234567 1.234567 1.234567 1.234567 1.234567 1.234567 1.234567 1.234567 1.234567
1.234567 1.234567 1.234567 1.234567 1.234567 1.234567 1.234567 1.234567 1.234567 1.234567 1.234567 1.234567 1.234567 1.234567 1.234567 1.234567
1.234567 1.234567 1.234567 1.234567 1.234567 1.234567 1.234567 1.234567 1.234567 1.234567 1.234567 1.234567 1.234567 1.234567 1.234567 1.234567
1.234567 1.234567 1.234567 1.234567 1.234567 1.234567 1.234567 1.234567 1.234567 1.234567 1.234567 1.234567 1.234567 1.234567 1.234567 1.234567
1.234567 1.234567 1.234567 1.234567 1.234567 1.234567 1.234567 1.234567 1.234567 1.234567 1.234567 1.234567 1.234567 1.234567 1.234567 1.234567
1.234567 1.234567 1.234567 1.234567 1.234567 1.234567 1.234567 1.234567 1.234567 1.234567 1.234567 1.234567 1.234567 1.234567 1.234567 1.234567
1.234567 1.234567 1.234567 1.234567 1.234567 1.234567 1.234567 1.234567 1.234567 1.234567 1.234567 1.234567 1.234567 1.234567 1.234567 1.234567
1.234567 1.234567 1.234567 1.234567 1.234567 1.234567 1.234567 1.234567 1.234567 1.234567 1.234567 1.234567 1.234567 1.234567 1.234567 1.234567
1.234567 1.234567 1.234567 1.234567 1.234567 1.234567 1.234567 1.234567 1.234567 1.234567 1.234567 1.234567 1.234567 1.234567 1.234567 1.234567
1.234567 1.234567 1.234567 1.234567 1.234567 1.234567 1.234567 1.234567 1.234567 1.234567 1.234567 1.234567 1.234567 1.234567 1.234567 1.234567
1.234567 1.234567 1.234567 1.234567 1.234567 1.234567 1.234567 1.234567 1.234567 1.234567 1.234567 1.234567 1.234567 1.234567 1.234567 1.234567
1.234567 1.234567 1.234567 1.234567 1.234567 1.234567 1.234567 1.234567 1.234567 1.234567 1.234567 1.234567 1.234567 1.234567 1.234567 1.234567